Czas[s]	Temperatura[K]
35,2580	298,2870
36,2970	298,2856
37,3320	298,2856
38,3670	298,2830
39,4020	298,2837
40,4360	298,2814
41,4700	298,2784
42,5040	298,2782
43,5380	298,2754
44,5720	298,2741
45,6060	298,2722
46,6390	298,2717
47,6730	298,2706
48,7070	298,2709
49,7410	298,2678
50,7750	298,2645
51,8090	298,2648
52,8430	298,2611
53,8780	298,2625
54,9130	298,2600
55,9480	298,2592
56,9830	298,2575
58,0170	298,2564
59,0510	298,2540
60,0850	298,2531
61,1190	298,2515
62,1530	298,2479
63,1870	298,2510
64,2210	298,2459
65,2540	298,2472
66,2880	298,2418
67,3220	298,2413
68,3560	298,2386
69,3900	298,2500
70,4240	298,2951
71,4590	298,3662
72,4940	298,4477
73,5290	298,5107
74,5640	298,5542
75,5980	298,5845
76,6320	298,6058
77,6660	298,6241
78,7000	298,6392
79,7340	298,7815
80,7680	299,1095
81,8010	299,5589
82,8350	300,0621
83,8690	300,5916
84,9030	301,1127
85,9370	301,6123
86,9710	302,0836
88,0050	302,5328
89,0400	302,9506
90,0750	303,3345
91,1100	303,6849
92,1450	303,9991
93,1790	304,2872
94,2130	304,5499
95,2470	304,7837
96,2810	304,9997
97,3150	305,1883
98,3490	305,3549
99,3820	305,5081
100,4160	305,6446
101,4500	305,7741
102,4840	305,8881
103,5180	305,9920
104,5520	306,0830
105,5860	306,1697
106,6210	306,2519
107,6560	306,3284
108,6910	306,3992
109,7260	306,4631
110,7600	306,5228
111,7940	306,5760
112,8280	306,6275
113,8620	306,6725
114,8960	306,7179
115,9300	306,7574
116,9630	306,7919
117,9970	306,8250
119,0310	306,8521
120,0650	306,8796
121,0990	306,9045
122,1330	306,9226
123,1670	306,9448
124,2020	306,9649
125,2370	306,9815
126,2720	306,9959
127,3070	307,0072
128,3410	307,0194
129,3750	307,0290
130,4090	307,0376
131,4430	307,0502
132,4770	307,0571
133,5110	307,0662
134,5440	307,0714
135,5780	307,0787
136,6120	307,0859
137,6460	307,0928
138,6800	307,0978
139,7140	307,1011
140,7480	307,1071
141,7830	307,1127
142,8180	307,1158
143,8530	307,1186
144,8880	307,1222
145,9220	307,1255
146,9560	307,1286
147,9900	307,1328
149,0240	307,1361
150,0580	307,1372
151,0910	307,1417
152,1250	307,1431
153,1590	307,1482
154,1930	307,1474
155,2270	307,1484
156,2610	307,1502
157,2950	307,1529
158,3300	307,1566
159,3650	307,1554
160,4000	307,1569
161,4350	307,1582
162,4700	307,1623
163,5040	307,1617
164,5380	307,1622
165,5720	307,1659
166,6060	307,1662
167,6400	307,1657
168,6730	307,1674
169,7070	307,1683
170,7410	307,1675
171,7750	307,1701
172,8090	307,1717
173,8430	307,1727
174,8770	307,1714
175,9120	307,1721
176,9470	307,1756
177,9820	307,1756
179,0170	307,1743
180,0520	307,1787
181,0860	307,1751
182,1200	307,1788
183,1540	307,1776
184,1880	307,1810
185,2220	307,1813
186,2560	307,1819
187,2890	307,1815
188,3230	307,1804
189,3570	307,1827
190,3910	307,1837
191,4250	307,1831
192,4590	307,1809
193,4940	307,1838
194,5290	307,1817
195,5640	307,1840
196,5990	307,1853
197,6340	307,1842
198,6680	307,1847
199,7020	307,1871
200,7360	307,1860
201,7700	307,1892
202,8040	307,1891
203,8370	307,1875
204,8710	307,1876
205,9050	307,1881
206,9390	307,1896
207,9730	307,1911
209,0070	307,1901
210,0410	307,1898
211,0760	307,1874
212,1110	307,1887
213,1460	307,1889
214,1810	307,1885
215,2160	307,1896
216,2500	307,1869
217,2840	307,1917
218,3180	307,1885
219,3520	307,1870
220,3860	307,1879
221,4190	307,1906
222,4530	307,1919
223,4870	307,1908
224,5210	307,1913
225,5550	307,1928
226,5890	307,1911
227,6230	307,1903
228,6580	307,1932
229,6930	307,1937
230,7280	307,1922
231,7630	307,1927
232,7970	307,1921
233,8310	307,1932
234,8650	307,1973
235,8990	307,1939
236,9330	307,1943
237,9670	307,1954
239,0000	307,1950
240,0340	307,1957
241,0680	307,1958
242,1020	307,1965
243,1360	307,1960
244,1700	307,1961
245,2040	307,1966
246,2390	307,1954
247,2740	307,1974
248,3090	307,1982
249,3440	307,1984
250,3780	307,2000
251,4120	307,1961
252,4460	307,2017
253,4800	307,2016
254,5140	307,2007
255,5480	307,1997
256,5810	307,2010
257,6150	307,2023
258,6490	307,2026
259,6830	307,2041
260,7170	307,2022
261,7510	307,2028
262,7850	307,2037
263,8200	307,2036
264,8550	307,2029
265,8900	307,2035
266,9250	307,2039
267,9590	307,2078
268,9930	307,2045
270,0270	307,2040
271,0610	307,2059
272,0950	307,2054
273,1290	307,2039
274,1620	307,2061
275,1970	307,2056
276,2310	307,2074
277,2650	307,2071
278,2990	307,2049
279,3330	307,2050
280,3670	307,2046
281,4020	307,2046
282,4370	307,2064
283,4740	307,2066
284,5090	307,2058
285,5430	307,2073
286,5770	307,2051
287,6110	307,2050
288,6450	307,2068
289,6790	307,2070
290,7130	307,2087
291,7460	307,2075
292,7830	307,2062
293,8180	307,2075
294,8530	307,2065
295,8870	307,2107
296,9210	307,2067
297,9580	307,2060
298,9930	307,2086
300,0280	307,2109
301,0640	307,2118
302,0990	307,2111
303,1330	307,2111
304,1670	307,2106
305,2010	307,2101
306,2350	307,2131
307,2690	307,2132
308,3030	307,2135
309,3360	307,2128
310,3700	307,2148
311,4040	307,2150
312,4380	307,2147
313,4720	307,2147
314,5060	307,2167
315,5400	307,2153
316,5750	307,2162
317,6100	307,2177
318,6450	307,2172
319,6800	307,2159
320,7140	307,2177
321,7480	307,2159
322,7820	307,2163
323,8160	307,2175
324,8500	307,2164
325,8840	307,2210
326,9170	307,2191
327,9510	307,2177
328,9850	307,2194
330,0190	307,2212
331,0530	307,2211
332,0870	307,2223
333,1210	307,2213
334,1560	307,2218
335,1910	307,2260
336,2260	307,2241
337,2610	307,2234
338,2950	307,2243
339,3290	307,2230
340,3630	307,2278
341,3970	307,2256
342,4310	307,2247
343,4650	307,2254
344,4980	307,2259
345,5320	307,2276
346,5660	307,2263
347,6000	307,2273
348,6340	307,2267
349,6680	307,2307
350,7020	307,2292
