Czas[s]	Temperatura[K]
7,7000	296,9863
8,7370	296,9877
9,7710	296,9879
10,8050	296,9869
11,8390	296,9946
12,8730	296,9896
13,9070	296,9928
14,9420	296,9920
15,9770	296,9887
17,0120	297,0197
18,0470	297,0950
19,0810	297,2112
20,1150	297,3614
21,1490	297,5418
22,1830	297,7502
23,2170	297,9785
24,2500	298,2193
25,2840	298,4780
26,3180	298,7391
27,3520	299,0019
28,3860	299,2747
29,4200	299,5442
30,4540	299,8119
31,4880	300,0801
32,5230	300,3419
33,5580	300,5965
34,5930	300,8505
35,6280	301,0955
36,6620	301,3325
37,6960	301,5628
38,7300	301,7861
39,7640	302,0008
40,7980	302,2082
41,8310	302,4089
42,8650	302,6033
43,8990	302,7945
44,9330	302,9764
45,9670	303,1516
47,0010	303,3194
48,0350	303,4872
49,0690	303,6455
50,1040	303,7978
51,1390	303,9478
52,1740	304,0912
53,2090	304,2316
54,2430	304,3602
55,2770	304,4834
56,3110	304,6028
57,3450	304,7156
58,3790	304,8242
59,4130	304,9302
60,4460	305,0290
61,4800	305,1259
62,5140	305,2178
63,5480	305,3086
64,5820	305,3916
65,6160	305,4702
66,6510	305,5467
67,6860	305,6197
68,7210	305,6925
69,7560	305,7605
70,7910	305,8221
71,8250	305,8857
72,8590	305,9453
73,8930	306,0014
74,9270	306,0561
75,9610	306,1091
76,9940	306,1582
78,0280	306,2067
79,0620	306,2533
80,0960	306,2940
81,1300	306,3387
82,1640	306,3795
83,1980	306,4155
84,2330	306,4535
85,2680	306,4884
86,3030	306,5211
87,3380	306,5547
88,3730	306,5846
89,4070	306,6131
90,4410	306,6419
91,4750	306,6710
92,5090	306,6969
93,5430	306,7255
94,5760	306,7489
95,6100	306,7726
96,6440	306,7982
97,6780	306,8188
98,7120	306,8384
99,7460	306,8594
100,7800	306,8809
101,8150	306,9036
102,8500	306,9201
103,8850	306,9367
104,9200	306,9561
105,9540	306,9747
106,9880	306,9893
108,0220	307,0041
109,0560	307,0220
110,0900	307,0368
111,1240	307,0515
112,1570	307,0662
113,1910	307,0787
114,2250	307,0910
115,2590	307,1021
116,2930	307,1154
117,3270	307,1253
118,3610	307,1371
119,3960	307,1486
120,4310	307,1561
121,4660	307,1689
122,5010	307,1766
123,5350	307,1867
124,5690	307,1972
125,6030	307,2082
126,6370	307,2130
127,6710	307,2208
128,7050	307,2280
129,7380	307,2354
130,7720	307,2413
131,8060	307,2461
132,8400	307,2547
133,8740	307,2605
134,9080	307,2659
135,9420	307,2725
136,9770	307,2755
138,0120	307,2808
139,0470	307,2857
140,0820	307,2919
141,1160	307,2966
142,1500	307,3022
143,1840	307,3071
144,2180	307,3097
145,2520	307,3152
146,2860	307,3184
147,3190	307,3227
148,3530	307,3237
149,3870	307,3313
150,4210	307,3321
151,4550	307,3357
152,4890	307,3385
153,5230	307,3434
154,5580	307,3466
155,5930	307,3469
156,6280	307,3504
157,6630	307,3504
158,6970	307,3553
159,7310	307,3568
160,7650	307,3602
161,7990	307,3629
162,8330	307,3635
163,8670	307,3654
164,9000	307,3690
165,9340	307,3700
166,9680	307,3686
168,0020	307,3705
169,0360	307,3728
170,0700	307,3734
171,1040	307,3741
172,1390	307,3745
173,1740	307,3739
174,2090	307,3777
175,2440	307,3790
176,2780	307,3792
177,3120	307,3803
178,3460	307,3802
179,3800	307,3795
180,4140	307,3841
181,4480	307,3844
182,4810	307,3851
183,5150	307,3861
184,5490	307,3865
185,5830	307,3849
186,6170	307,3856
187,6510	307,3838
188,6850	307,3873
189,7200	307,3865
190,7550	307,3889
191,7900	307,3884
192,8250	307,3861
193,8590	307,3899
194,8930	307,3901
195,9270	307,3898
196,9610	307,3896
197,9950	307,3900
199,0290	307,3917
200,0620	307,3901
201,0960	307,3922
202,1300	307,3930
203,1640	307,3919
204,1980	307,3922
205,2320	307,3920
206,2660	307,3908
207,3010	307,3947
208,3360	307,3929
209,3710	307,3942
210,4060	307,3924
211,4400	307,3942
212,4740	307,3952
213,5080	307,3967
214,5420	307,3931
215,5760	307,3941
216,6100	307,3948
217,6430	307,3945
218,6770	307,3969
219,7110	307,3964
220,7450	307,3931
221,7790	307,3946
222,8130	307,3950
223,8470	307,3932
224,8820	307,3945
225,9170	307,3939
226,9520	307,3939
227,9870	307,3952
229,0210	307,3951
230,0550	307,3931
231,0890	307,3944
232,1230	307,3947
233,1570	307,3927
234,1900	307,3927
235,2240	307,3961
236,2580	307,3955
237,2920	307,3945
238,3260	307,3928
239,3600	307,3935
240,3940	307,3936
241,4280	307,3941
242,4630	307,3942
243,4980	307,3934
244,5330	307,3934
245,5680	307,3942
246,6020	307,3952
247,6360	307,3930
248,6700	307,3911
249,7040	307,3905
250,7380	307,3938
251,7720	307,3934
252,8050	307,3941
253,8390	307,3930
254,8730	307,3935
255,9070	307,3906
256,9410	307,3929
257,9750	307,3937
259,0090	307,3922
260,0440	307,3924
261,0790	307,3920
262,1140	307,3940
263,1490	307,3962
264,1830	307,3952
265,2170	307,3936
266,2510	307,3922
267,2850	307,3932
268,3190	307,3901
269,3520	307,3918
270,3860	307,3911
271,4200	307,3923
272,4540	307,3912
273,4880	307,3921
274,5220	307,3899
