Czas[s]	Temperatura[K]
10,2180	297,1351
11,2560	297,1340
12,2900	297,1343
13,3240	297,1347
14,3580	297,1349
15,3910	297,1338
16,4250	297,1288
17,4590	297,1321
18,4930	297,1308
19,5270	297,1316
20,5610	297,1444
21,5950	297,1688
22,6310	297,2149
23,6660	297,2762
24,7010	297,3555
25,7360	297,4541
26,7710	297,5666
27,8050	297,6953
28,8390	297,8385
29,8730	297,9933
30,9070	298,1578
31,9410	298,3320
32,9750	298,5099
34,0080	298,6905
35,0420	298,8812
36,0760	299,0690
37,1100	299,2604
38,1440	299,4496
39,1780	299,6411
40,2130	299,8355
41,2480	300,0252
42,2830	300,2152
43,3180	300,4018
44,3530	300,5886
45,3870	300,7726
46,4210	300,9523
47,4550	301,1328
48,4890	301,3089
49,5230	301,4839
50,5570	301,6552
51,5900	301,8218
52,6240	301,9860
53,6580	302,1473
54,6920	302,3033
55,7260	302,4575
56,7600	302,6091
57,7940	302,7533
58,8290	302,8987
59,8640	303,0343
60,8990	303,1691
61,9340	303,2996
62,9680	303,4284
64,0020	303,5506
65,0360	303,6675
66,0700	303,7818
67,1040	303,8946
68,1370	304,0020
69,1720	304,1042
70,2050	304,2052
71,2390	304,3042
72,2730	304,3991
73,3070	304,4887
74,3410	304,5793
75,3750	304,6634
76,4100	304,7463
77,4450	304,8288
78,4800	304,9071
79,5150	304,9809
80,5490	305,0556
81,5830	305,1249
82,6170	305,1956
83,6510	305,2613
84,6850	305,3317
85,7190	305,3937
86,7520	305,4554
87,7860	305,5157
88,8200	305,5731
89,8540	305,6291
90,8880	305,6840
91,9220	305,7362
92,9560	305,7857
93,9910	305,8350
95,0260	305,8831
96,0610	305,9312
97,0960	305,9739
98,1300	306,0186
99,1640	306,0574
100,1980	306,0983
101,2320	306,1362
102,2660	306,1741
103,2990	306,2132
104,3330	306,2478
105,3670	306,2791
106,4010	306,3136
107,4350	306,3460
108,4690	306,3734
109,5030	306,4046
110,5370	306,4346
111,5720	306,4594
112,6070	306,4879
113,6420	306,5115
114,6770	306,5415
115,7110	306,5662
116,7450	306,5892
117,7790	306,6095
118,8130	306,6342
119,8470	306,6568
120,8800	306,6756
121,9140	306,6963
122,9480	306,7143
123,9820	306,7340
125,0160	306,7524
126,0500	306,7699
127,0840	306,7848
128,1180	306,8038
129,1530	306,8165
130,1880	306,8355
131,2230	306,8496
132,2580	306,8615
133,2920	306,8779
134,3260	306,8915
135,3600	306,9022
136,3940	306,9165
137,4280	306,9296
138,4610	306,9407
139,4950	306,9536
140,5290	306,9634
141,5630	306,9760
142,5970	306,9855
143,6310	306,9953
144,6650	307,0041
145,7000	307,0145
146,7350	307,0234
147,7700	307,0287
148,8050	307,0409
149,8400	307,0482
150,8740	307,0594
151,9080	307,0635
152,9420	307,0743
153,9760	307,0793
155,0100	307,0857
156,0440	307,0928
157,0770	307,1003
158,1110	307,1044
159,1450	307,1090
160,1790	307,1171
161,2130	307,1240
162,2470	307,1295
163,2820	307,1350
164,3170	307,1374
165,3520	307,1427
166,3870	307,1496
167,4220	307,1529
168,4560	307,1595
169,4900	307,1622
170,5240	307,1676
171,5580	307,1702
172,5920	307,1759
173,6250	307,1768
174,6590	307,1826
175,6930	307,1879
176,7270	307,1916
177,7610	307,1930
178,7950	307,1974
179,8290	307,2018
180,8640	307,2020
181,8990	307,2071
182,9340	307,2101
183,9690	307,2136
185,0040	307,2154
186,0380	307,2161
187,0720	307,2176
188,1060	307,2210
189,1400	307,2233
190,1740	307,2263
191,2070	307,2265
192,2410	307,2307
193,2750	307,2315
194,3090	307,2322
195,3430	307,2357
196,3770	307,2385
197,4110	307,2386
198,4460	307,2406
199,4810	307,2424
200,5160	307,2432
201,5510	307,2426
202,5860	307,2470
203,6200	307,2494
204,6540	307,2496
205,6880	307,2499
206,7220	307,2535
207,7560	307,2530
208,7890	307,2545
209,8230	307,2578
210,8570	307,2556
211,8910	307,2583
212,9250	307,2570
213,9590	307,2601
214,9930	307,2595
216,0280	307,2607
217,0630	307,2628
218,0980	307,2632
219,1330	307,2651
220,1670	307,2650
221,2010	307,2648
222,2350	307,2680
223,2690	307,2668
224,3030	307,2691
225,3370	307,2676
226,3700	307,2674
227,4040	307,2679
228,4380	307,2708
229,4720	307,2725
230,5060	307,2723
231,5400	307,2715
232,5740	307,2712
233,6090	307,2716
234,6440	307,2731
235,6790	307,2730
236,7140	307,2725
237,7480	307,2761
238,7820	307,2752
239,8160	307,2754
240,8500	307,2761
241,8840	307,2737
242,9180	307,2764
243,9510	307,2763
244,9850	307,2772
246,0190	307,2775
247,0530	307,2768
248,0870	307,2764
249,1210	307,2777
250,1550	307,2792
251,1900	307,2762
252,2250	307,2782
253,2600	307,2798
254,2950	307,2794
255,3290	307,2794
256,3630	307,2780
257,3970	307,2784
258,4310	307,2780
259,4650	307,2805
260,4990	307,2787
261,5320	307,2781
262,5660	307,2793
263,6000	307,2820
264,6340	307,2816
265,6680	307,2813
266,7020	307,2804
267,7360	307,2811
268,7710	307,2799
269,8060	307,2804
270,8410	307,2784
271,8760	307,2804
272,9100	307,2795
273,9440	307,2830
274,9780	307,2810
276,0120	307,2813
277,0460	307,2820
278,0800	307,2824
279,1130	307,2792
280,1470	307,2814
281,1810	307,2812
282,2150	307,2840
283,2490	307,2817
284,2830	307,2807
285,3170	307,2833
286,3520	307,2815
287,3870	307,2811
288,4220	307,2798
289,4570	307,2822
290,4910	307,2815
291,5250	307,2853
292,5590	307,2828
293,5930	307,2815
294,6270	307,2806
295,6610	307,2840
296,6940	307,2834
297,7280	307,2827
298,7620	307,2818
299,7960	307,2820
300,8300	307,2830
301,8640	307,2832
302,8980	307,2818
303,9330	307,2824
304,9680	307,2810
306,0030	307,2843
307,0380	307,2808
308,0720	307,2805
309,1060	307,2813
310,1400	307,2818
311,1740	307,2862
312,2080	307,2831
313,2420	307,2814
314,2750	307,2842
315,3090	307,2806
316,3430	307,2816
317,3770	307,2822
318,4110	307,2823
319,4450	307,2816
320,4790	307,2824
321,5140	307,2827
322,5490	307,2824
323,5840	307,2828
324,6190	307,2807
325,6530	307,2822
326,6870	307,2807
327,7210	307,2809
328,7550	307,2809
329,7890	307,2825
330,8220	307,2823
331,8570	307,2813
332,8900	307,2825
333,9240	307,2814
334,9580	307,2820
335,9920	307,2819
337,0260	307,2801
